B,930,480

G,0,80
G,160,80
G,540,100

P,110,320,23,2,100,0.5
K,170,372,11,1,50,1

P,245,250,22,2,100,0.5
P,250,368,13,1,30,1
P,300,338,13,-1,50,1
P,320,308,13,1,60,1.2

M,390,255,1
P,300,228,2

P,360,218,4
P,400,238,4
P,440,208,4
P,470,218,4

K,510,270,11,1,40,0.6
K,572,270,11,-1,40,0.6

K,520,300,11,1,45,0.6
K,592,300,11,-1,45,0.6

K,528,330,11,1,50,0.6
K,610,330,11,-1,50,0.6

P,650,360,11,1,200,1

P,850,350,22,-2,60,0.6
P,810,280,23,2,65,0.6

P,850,260,22,-2,55,0.6
P,810,170,23,2,65,0.6

P,890,135,2

F,920,120
